160474
155252
168812
168813
167224
155045
166139
164163
164164
164165
166471
164282
166350
166355
167378
163401
165180
161338
160796
162503
162504
160797
164176
169420
162571
164288
157490
157491
164302
164216
164231
167169
166357
166358
167870
167869
167871
169212
164173
164174
165111
154503
161391
164175
160479
157685
169627
158828
169068
165894
165895
165957
155920
155959
157440
159421
165491
165492
157580
161487
159969
160883
169494
168461
169335
163922
156494
162544
167428
167422
167333
167379
167429
164371
167373
167426
154707
167427
154708
159966
163923
160222
167423
154706
162548
166085
160832
167431
167433
159118
167374
167371
158461
155324
169228
164550
168456
167520
168781
168784
167129
167130
168442
166658
168782
156641
156640
169364
169366
166443
165857
168217
157742
169136
169137
158182
167348
168116
159029
164357
159026
162614
159835
164158
161844
164166
167358
168018
167359
168798
168807
168808
168809
168810
165149
160560
162626
166871
160475
167056
169296
169064
163900
169198
160418
165289
158179
160521
158102
163953
168348
164745
164746
168118
164530
162767
158829
159788
168983
157561
157560
159847
167330
167740
164296
160937
167159
155278
165380
165381
169633
169634
169431
169747
169748
161682
161818
162476
161480
169673
169674
169675
165903
168841
168430
164224
155193
155192
155563
162685
163463
167602
166952
164193
166499
167060
169158
163919
156649
156657
156658
156659
159004
158741
167331
168543
169480
157945
155935
155936
155937
155938
155939
169463
165921
154615
154614
154616
163629
167377
168300
168443
168119
168084
168120
154536
169794
163640
163641
163642
167625
169464
163643
165995
166614
169426
166616
168438
167430
167391
167389
156293
156294
162888
162887
167376
163227
155146
160579
165931
158337
158338
167364
166519
165410
161395
167381
167366
161311
154958
155238
165873
160907
163404
165945
163597
162558
162265
169336
162328
165495
165494
168824
157870
157537
169454
169797
167985
167986
154821
164179
168570
168569
169757
169758
169759
169760
169761
169762
168692
168449
161343
169274
163861
169768
160486
160574
161640
168533
160471
169162
155185
168567
157880
168559
155096
168511
162615
161619
161645
162848
161112
168546
165112
156192
156193
162440
162441
162482
155223
162182
159374
160470
161856
167174
168521
169648
155381
169628
160478
168522
154683
165196
155873
163593
164591
166528
168592
157868
155075
157493
160411
160412
157869
166025
162181
162280
156248
155044
166231
168571
168769
166108
160157
160169
166105
160163
160166
160167
166106
160154
156608
160110
156568
160127
160126
160129
160184
160125
160144
160146
160173
160128
160183
160131
160186
160135
160137
160172
160177
160130
160134
160185
160136
160132
160187
160176
160139
160178
160133
160188
160138
160141
160180
160124
160140
160122
160142
160181
160143
160182
160145
160147
160175
160174
160179
160121
156607
155279
167664
167392
167393
167731
167733
167732
167734
167727
167729
167728
167730
165690
165691
168254
167131
166383
165473
162297
164157
156116
156117
164404
164210
167524
169226
167164
167375
169002
169225
161344
164385
159218
159222
165262
165114
165115
165119
167819
164169
162008
169111
164104
164040
154624
167538
158836
154204
159946
165100
169175
161374
164930
164552
164553
169451
169401
169402
169397
169403
169398
169404
169399
169405
169400
169406
161340
166619
165221
166316
159136
161593
156040
169479
166550
157964
157965
163241
165009
165010
158976
158873
158869
163690
163691
163702
163704
163698
163699
163694
163695
163692
163693
163703
163705
163700
163701
163708
163709
163706
163707
163631
163710
163632
163711
163633
163712
163634
163713
163635
163714
163636
163715
155849
155850
155851
155854
155855
155852
155853
155856
155857
155840
161952
166384
166385
161933
161934
169067
168473
169211
167161
168945
168951
168952
168953
168954
168955
168956
168957
168921
168963
169481
166319
168885
168887
168886
168817
169038
159997
167505
167507
167506
167511
167510
167509
167513
167512
167508
169668
169669
161716
161718
161828
161833
161830
161834
161836
161835
161822
161826
161827
161837
161829
161821
161823
161824
161831
161832
161825
169272
169273
169213
163958
169214
169600
162890
157484
156801
161369
169707
157941
167967
167937
167935
166077
160532
160415
160120
163657
163746
165195
158122
158127
158123
158128
158124
158129
168213
158136
158135
160344
160343
160345
160347
160346
160348
160318
160322
160326
160330
160315
160316
160317
160319
160320
160321
160323
160324
160325
160327
160328
160329
155985
158554
158555
155702
168682
169086
169092
169355
164187
166977
160853
160854
164171
166926
160204
169066
169065
163878
163879
159925
159923
159819
164217
164219
164218
165429
165496
165497
166709
164921
155019
163397
169632
154574
169210
168768
168551
159485
161337
158820
169337
169163
164265
164266
164267
157686
156953
169430
168545
168561
168547
162483
161312
167370
167372
167369
162296
169361
167198
161278
165406
161384
167772
156127
156128
162572
167636
168731
168732
156129
156130
159429
167368
167363
169187
167666
159729
168573
168896
155403
164178
169776
164172
155290
167321
164223
157600
167329
156646
157599
154682
166230
164136
167042
167367
156918
160205
168396
155505
155506
167432
167380
167411
167410
155041
155042
167059
168391
164741
164101
164161
163913
163914
164103
169044
169039
168984
158605
166705
168252
168253
162970
162971
165925
161392
158842
158845
168337
167539
165896
164551
168890
168550
168560
156305
168549
156303
168552
164989
163400
161500
154623
162937
162938
162934
162929
162930
162936
162935
162931
162932
162933
155218
165174
161063
161064
161065
161066
161067
161068
161069
161070
161071
165655
158895
165920
162120
162121
164654
164628
164629
164630
164631
163381
163382
168811
154264
154262
160487
167767
167768
165833
165834
163160
158086
158087
168563
168565
168562
168566
154396
168564
157354
168532
162448
162459
162391
162392
162393
168523
154397
163759
167356
167360
167361
166084
158691
158694
153365
167265
162574
167365
162761
158740
155166
156493
168257
154418
169269
166239
158175
168246
168247
168691
169753
165147
155553
158602
164303
160930
169486
158735
169319
157731
157732
160676
160677
160690
158240
158241
158242
165390
169679
169265
164237
167603
167599
154417
169050
164192
160498
160413
160469
160414
164191
167163
167162
158830
162083
162084
162085
162086
162087
162088
161231
161656
159318
162575
169239
160485
164472
159317
160726
159235
169500
161229
161230
164849
154401
164185
158220
169637
169638
169636
158213
158214
158215
160760
156585
164230
169706
162604
162229
162227
162228
162165
162939
166310
166311
166298
166299
166300
166301
166302
166313
166312
164589
155222
155105
157516
157171
161450
167362
168693
162039
161341
169428
169767
157942
167456
167457
167450
167451
167453
167454
167452
167455
167440
167439
167444
167445
167441
167448
167449
159826
165707
153834
153835
152582
152583
152718
152837